[gd_scene load_steps=21 format=3 uid="uid://x1qdteaph0w2"]

[ext_resource type="Texture2D" uid="uid://do6aktmgkxfwm" path="res://assets/DayEnvironmentHDRI001_2K-TONEMAPPED.jpg" id="1_0oi4e"]
[ext_resource type="Script" path="res://scenes/main.gd" id="1_32moy"]
[ext_resource type="Terrain3DMaterial" uid="uid://bjtnt3iwivj2h" path="res://data/material.tres" id="1_a6yqc"]
[ext_resource type="PackedScene" uid="uid://c6qqaqs1e4uec" path="res://scenes/toilet.tscn" id="3_nnrar"]
[ext_resource type="AudioStream" uid="uid://yl3b3iejy1yp" path="res://assets/SmashMouth-AllStar.ogg" id="3_v1a3a"]
[ext_resource type="PackedScene" uid="uid://cixv22nmo8imq" path="res://scenes/shrek.tscn" id="4_1c1d5"]
[ext_resource type="PackedScene" uid="uid://cjghqj5ccumea" path="res://scenes/stone.tscn" id="4_3v31m"]
[ext_resource type="Terrain3DAssets" uid="uid://dj4bcytsw7edo" path="res://data/assets.tres" id="5_1ms6l"]
[ext_resource type="PackedScene" uid="uid://dm1k86xt4oxpu" path="res://scenes/sm_grass_02.tscn" id="6_glbiw"]
[ext_resource type="PackedScene" uid="uid://i3tyfqc3gtmp" path="res://scenes/flax.tscn" id="7_yhecw"]
[ext_resource type="PackedScene" uid="uid://laear4y73gt6" path="res://scenes/sm_grass_01.tscn" id="8_6kdw6"]
[ext_resource type="PackedScene" uid="uid://on73qh7duhro" path="res://scenes/sm_grass_03.tscn" id="9_7auaa"]
[ext_resource type="PackedScene" uid="uid://cxafn15qirkj1" path="res://scenes/sm_grass_06.tscn" id="10_3idj0"]
[ext_resource type="PackedScene" uid="uid://dri1nqao0jyaw" path="res://scenes/bald_cypress.tscn" id="11_eotnh"]
[ext_resource type="PackedScene" uid="uid://d11rpwlrmpds6" path="res://scenes/great_bald_cypress.tscn" id="12_704ev"]
[ext_resource type="PackedScene" uid="uid://bj2vbcm2s0f3s" path="res://scenes/ivy_002_2.tscn" id="14_hdems"]
[ext_resource type="PackedScene" uid="uid://cr5bkb75yp70f" path="res://scenes/moss.tscn" id="15_qwetb"]

[sub_resource type="PanoramaSkyMaterial" id="PanoramaSkyMaterial_3o66k"]
panorama = ExtResource("1_0oi4e")

[sub_resource type="Sky" id="Sky_r7e70"]
sky_material = SubResource("PanoramaSkyMaterial_3o66k")

[sub_resource type="Environment" id="Environment_hwbsc"]
background_mode = 2
sky = SubResource("Sky_r7e70")
tonemap_mode = 3
ssao_enabled = true
glow_enabled = true
fog_mode = 1
fog_light_color = Color(0.517647, 0.858824, 0.607843, 1)
fog_density = 1.0
volumetric_fog_enabled = true
volumetric_fog_albedo = Color(0.593392, 0.920296, 3.77345e-05, 1)
volumetric_fog_emission = Color(0.241156, 0.241156, 0.241156, 1)
volumetric_fog_length = 31.66
volumetric_fog_sky_affect = 0.87

[node name="Main" type="Node3D"]
script = ExtResource("1_32moy")

[node name="WorldEnvironment" type="WorldEnvironment" parent="."]
environment = SubResource("Environment_hwbsc")

[node name="Timer" type="Timer" parent="."]

[node name="DirectionalLight3D" type="DirectionalLight3D" parent="."]
transform = Transform3D(-0.866024, -0.433016, 0.250001, -0.340496, 0.876887, 0.33931, -0.366149, 0.208726, -0.906845, 0, 0, -3.99259)
light_energy = 0.8
shadow_enabled = true

[node name="Camera3D" type="Camera3D" parent="."]
transform = Transform3D(-0.883035, -0.0334659, 0.468112, -0.0109284, 0.99865, 0.0507797, -0.46918, 0.0397245, -0.882209, 0.572879, 1.58105, 0.696825)

[node name="AudioStreamPlayer" type="AudioStreamPlayer" parent="."]
stream = ExtResource("3_v1a3a")

[node name="Terrain3D" type="Terrain3D" parent="."]
data_directory = "res://data"
material = ExtResource("1_a6yqc")
assets = ExtResource("5_1ms6l")
top_level = true
metadata/_edit_lock_ = true

[node name="Shrek" parent="." instance=ExtResource("4_1c1d5")]
transform = Transform3D(0.996195, 0, -0.0871557, 0, 1, 0, 0.0871557, 0, 0.996195, -0.0172087, 1.05945, 2.01347)
visible = false

[node name="Toilet" parent="." instance=ExtResource("3_nnrar")]
transform = Transform3D(1.5, 0, 0, 0, 1, 0, 0, 0, 1, 0, 1.66831, 2)

[node name="Stone" parent="." instance=ExtResource("4_3v31m")]
transform = Transform3D(0.390841, -0.0337633, -0.0259015, 0.0448568, 0.185174, -0.0721629, 0.0723274, 0.0676059, 0.18472, -0.0147291, 0.91133, 1.55241)

[node name="Stone2" parent="." instance=ExtResource("4_3v31m")]
transform = Transform3D(0.396662, -0.025282, -0.00506961, -0.0492889, -0.174289, -0.0949516, 0.0151699, 0.0947839, -0.17595, -0.037452, 0.833648, 1.08421)

[node name="Grasses" type="Node3D" parent="."]

[node name="SM_Grass_02" parent="Grasses" instance=ExtResource("6_glbiw")]
transform = Transform3D(1, 0, 0, 0, 1, 0, 0, 0, 1, -0.5, 1, 1.7)

[node name="Flax" parent="Grasses" instance=ExtResource("7_yhecw")]
transform = Transform3D(-0.492127, 0, 0.0883791, 0, 0.5, 0, -0.0883791, 0, -0.492127, -0.555516, 1, 1.7896)

[node name="Flax2" parent="Grasses" instance=ExtResource("7_yhecw")]
transform = Transform3D(0.0420042, 0, -0.498232, 0, 0.5, 0, 0.498232, 0, 0.0420042, 0.644484, 1, 1.7896)

[node name="SM_Grass_01" parent="Grasses" instance=ExtResource("8_6kdw6")]
transform = Transform3D(-0.0253704, -0.0175513, 0.999524, -0.115363, 0.993217, 0.0145124, -0.992999, -0.11494, -0.0272231, 0.630709, 0.970444, 1.35852)

[node name="SM_Grass_15" parent="Grasses" instance=ExtResource("8_6kdw6")]
transform = Transform3D(-0.190106, -0.0364161, 0.981088, -0.115363, 0.993217, 0.0145124, -0.974962, -0.110422, -0.193018, 0.868335, 1.0997, 2.29765)

[node name="SM_Grass_16" parent="Grasses" instance=ExtResource("8_6kdw6")]
transform = Transform3D(-0.425749, -0.0362406, -0.904115, -0.115363, 0.993217, 0.0145124, 0.897457, 0.11048, -0.427043, 0.765425, 1.0997, 2.9932)

[node name="SM_Grass_17" parent="Grasses" instance=ExtResource("8_6kdw6")]
transform = Transform3D(-0.425749, -0.0362406, -0.904115, -0.115363, 0.993217, 0.0145124, 0.897457, 0.11048, -0.427043, 0.600262, 1.0997, 3.62498)

[node name="SM_Grass_18" parent="Grasses" instance=ExtResource("8_6kdw6")]
transform = Transform3D(-0.425749, -0.0362406, -0.904115, 0.117559, 0.988513, -0.0949826, 0.897172, -0.146726, -0.416598, -1.04217, 1.05181, 1.9521)

[node name="SM_Grass_07" parent="Grasses" instance=ExtResource("8_6kdw6")]
transform = Transform3D(0.778408, -1.22935e-07, 0.627759, -0.0601026, 0.995406, 0.074526, -0.624876, -0.0957415, 0.774832, -0.727461, 0.982014, 1.35852)

[node name="SM_Grass_08" parent="Grasses" instance=ExtResource("8_6kdw6")]
transform = Transform3D(-0.496359, -0.0337071, 0.0499117, -0.0300513, 0.497703, 0.037263, -0.0521945, 0.0339918, -0.496105, -0.924905, 1.01041, 1.68657)

[node name="SM_Grass_09" parent="Grasses" instance=ExtResource("8_6kdw6")]
transform = Transform3D(0.168367, 0.0452515, -0.46862, -0.0300513, 0.497703, 0.037263, 0.46984, 0.0156176, 0.170313, -1.01306, 1.01041, 1.30567)

[node name="SM_Grass_10" parent="Grasses" instance=ExtResource("8_6kdw6")]
transform = Transform3D(0.497324, 0.0330042, -0.0397455, -0.0300513, 0.497703, 0.037263, 0.0420225, -0.0346747, 0.497023, -0.819512, 1.01041, 0.964604)

[node name="SM_Grass_11" parent="Grasses" instance=ExtResource("8_6kdw6")]
transform = Transform3D(-0.149667, -0.044599, 0.474985, -0.0300513, 0.497703, 0.037263, -0.476127, -0.0173938, -0.15166, -0.513389, 1.01041, 1.09005)

[node name="SM_Grass_12" parent="Grasses" instance=ExtResource("8_6kdw6")]
transform = Transform3D(-0.08219, -0.116581, 0.989775, -0.0254698, 0.993056, 0.114852, -0.996291, -0.0157696, -0.0845885, 0.63117, 1.01041, 1.29286)

[node name="SM_Grass_03" parent="Grasses" instance=ExtResource("8_6kdw6")]
transform = Transform3D(-0.263868, 0.0162456, 0.964422, 0.170076, 0.984976, 0.0299414, -0.949446, 0.171926, -0.262667, 0.686104, 0.946922, 1.30251)

[node name="SM_Grass_04" parent="Grasses" instance=ExtResource("9_7auaa")]
transform = Transform3D(0.916412, 0, -0.400237, 0, 1, 0, 0.400237, 0, 0.916412, -0.592969, 0.794469, 1.25743)

[node name="SM_Grass_05" parent="Grasses" instance=ExtResource("9_7auaa")]
transform = Transform3D(0.989606, 0, -0.143803, 0, 1, 0, 0.143803, 0, 0.989606, -1.12545, 0.846213, 1.67432)

[node name="SM_Grass_06" parent="Grasses" instance=ExtResource("10_3idj0")]
transform = Transform3D(0.540402, 0, 0.841407, 0, 1, 0, -0.841407, 0, 0.540402, 0.926565, 0.960513, 1.55095)

[node name="SM_Grass_13" parent="Grasses" instance=ExtResource("6_glbiw")]
transform = Transform3D(1, 0, 0, 0, 1, 0, 0, 0, 1, -0.609784, 0.903347, 0.925322)

[node name="SM_Grass_14" parent="Grasses" instance=ExtResource("6_glbiw")]
transform = Transform3D(1, 0, 0, 0, 1, 0, 0, 0, 1, 0.514453, 1.08986, 1.90477)

[node name="SM_Grass_19" parent="Grasses" instance=ExtResource("8_6kdw6")]
transform = Transform3D(0.497324, 0.0330042, -0.0397455, -0.0300513, 0.497703, 0.037263, 0.0420225, -0.0346747, 0.497023, -2.32595, 1.08349, 2.21173)

[node name="SM_Grass_20" parent="Grasses" instance=ExtResource("8_6kdw6")]
transform = Transform3D(-0.149667, -0.044599, 0.474985, -0.0300513, 0.497703, 0.037263, -0.476127, -0.0173938, -0.15166, -2.69091, 1.08349, 2.21173)

[node name="SM_Grass_21" parent="Grasses" instance=ExtResource("8_6kdw6")]
transform = Transform3D(0.4335, 0.00752906, 0.249041, -0.0300513, 0.497703, 0.037263, -0.247335, -0.047275, 0.431961, -1.43198, 1.08349, 2.43863)

[node name="SM_Grass_22" parent="Grasses" instance=ExtResource("8_6kdw6")]
transform = Transform3D(-0.0449165, 0, -0.497978, 0.0535913, 0.497096, -0.00483381, 0.495086, -0.0538088, -0.0446556, -0.915763, 1.06579, 2.39412)

[node name="SM_Grass_23" parent="Grasses" instance=ExtResource("9_7auaa")]
transform = Transform3D(0.916412, 0, -0.400237, 0, 1, 0, 0.400237, 0, 0.916412, -2.30952, 0.824074, 3.03018)

[node name="SM_Grass_24" parent="Grasses" instance=ExtResource("9_7auaa")]
transform = Transform3D(0.989606, 0, -0.143803, 0, 1, 0, 0.143803, 0, 0.989606, -2.63189, 0.919291, 2.92145)

[node name="SM_Grass_28" parent="Grasses" instance=ExtResource("8_6kdw6")]
transform = Transform3D(-0.453291, 0.0456151, -0.206027, 0.0220366, 0.495741, 0.0612753, 0.209862, 0.0464707, -0.451441, -1.58519, 1.03187, 1.62648)

[node name="SM_Grass_29" parent="Grasses" instance=ExtResource("8_6kdw6")]
transform = Transform3D(0.439138, 0.0441076, -0.234974, -0.0300513, 0.497703, 0.037263, 0.237182, -0.0186046, 0.439771, -1.76963, 1.08349, 3.48503)

[node name="SM_Grass_30" parent="Grasses" instance=ExtResource("8_6kdw6")]
transform = Transform3D(-0.254045, 0.0168789, -0.430322, -0.0300513, 0.497703, 0.037263, 0.429602, 0.0447963, -0.251863, -1.75329, 1.08349, 3.01975)

[node name="SM_Grass_31" parent="Grasses" instance=ExtResource("8_6kdw6")]
transform = Transform3D(-0.00211705, -0.00463362, -0.499974, 0.0535913, 0.497096, -0.00483381, 0.497115, -0.053609, -0.00160743, 0.595567, 1.25713, 4.11269)

[node name="SM_Grass_32" parent="Grasses" instance=ExtResource("9_7auaa")]
transform = Transform3D(-0.936164, 0, -0.351564, 0, 1, 0, 0.351564, 0, -0.936164, -2.0284, 0.867547, 2.94547)

[node name="SM_Grass_33" parent="Grasses" instance=ExtResource("9_7auaa")]
transform = Transform3D(-0.930884, 0, -0.365316, 0, 1, 0, 0.365316, 0, -0.930884, -1.635, 0.919291, 2.77438)

[node name="SM_Grass_25" parent="Grasses" instance=ExtResource("10_3idj0")]
transform = Transform3D(0.540402, 0, 0.841407, 0, 1, 0, -0.841407, 0, 0.540402, 0.770793, 1.00852, 3.72439)

[node name="SM_Grass_26" parent="Grasses" instance=ExtResource("6_glbiw")]
transform = Transform3D(1, 0, 0, 0, 1, 0, 0, 0, 1, -2.11622, 0.976425, 2.17245)

[node name="SM_Grass_27" parent="Grasses" instance=ExtResource("6_glbiw")]
transform = Transform3D(1, 0, 0, 0, 1, 0, 0, 0, 1, 0.35868, 1.15267, 4.07821)

[node name="Trees" type="Node3D" parent="."]

[node name="cypres_chauve" parent="Trees" instance=ExtResource("11_eotnh")]
transform = Transform3D(1, 0, 0, 0, 1, 0, 0, 0, 1, -1.36216, 0, 1.23706)

[node name="cypres_chauve2" parent="Trees" instance=ExtResource("11_eotnh")]
transform = Transform3D(2, 0, 0, 0, 2, 0, 0, 0, 2, -4.4401, 0.888895, 4.91944)

[node name="cypres_chauve3" parent="Trees" instance=ExtResource("11_eotnh")]
transform = Transform3D(2, 0, 0, 0, 2, 0, 0, 0, 2, 0.85427, -2.50015, 6.86649)

[node name="bald-cypress2" parent="Trees" instance=ExtResource("12_704ev")]
transform = Transform3D(1, 0, 0, 0, 1, 0, 0, 0, 1, 1.35117, -0.294353, 3.85162)

[node name="bald-cypress3" parent="Trees" instance=ExtResource("12_704ev")]
transform = Transform3D(-0.363707, 0, 0.931514, 0, 1, 0, -0.931514, 0, -0.363707, 1.74701, 0, 3.13781)

[node name="bald-cypress5" parent="Trees" instance=ExtResource("12_704ev")]
transform = Transform3D(-0.363707, 0, 0.931514, 0, 1, 0, -0.931514, 0, -0.363707, -2.43618, 0, 2.27562)

[node name="bald-cypress4" parent="Trees" instance=ExtResource("12_704ev")]
transform = Transform3D(0.963584, 0, -0.267407, 0, 1, 0, 0.267407, 0, 0.963584, -1.05044, -0.294353, 4.6043)

[node name="Ivy_002_2" parent="." instance=ExtResource("14_hdems")]
transform = Transform3D(0.0847994, 0.235179, -2.93682e-08, -0.235179, 0.0847994, -1.05894e-08, 0, 3.1219e-08, 0.25, -0.00358486, 2.62725, 3.56763)

[node name="Ivy_002_3" parent="." instance=ExtResource("14_hdems")]
transform = Transform3D(0.0518232, 0.143724, -0.197883, -0.235179, 0.0847994, -1.11352e-08, 0.0671215, 0.186152, 0.152782, -1.63514, 3.46527, 3.22834)

[node name="Ivy_002_4" parent="." instance=ExtResource("14_hdems")]
transform = Transform3D(-0.143368, 0.0867154, -0.185543, -0.187213, -0.147326, 0.0758042, -0.0830475, 0.182416, 0.149424, -2.47173, 3.58817, 2.35729)

[node name="Ivy_002_5" parent="." instance=ExtResource("14_hdems")]
transform = Transform3D(-0.143368, 0.0867154, -0.185543, -0.187213, -0.147326, 0.0758042, -0.0830475, 0.182416, 0.149424, -2.47173, 2.34506, 3.82794)

[node name="Ivy_002_6" parent="." instance=ExtResource("14_hdems")]
transform = Transform3D(-0.090189, 0.21388, -0.092852, -0.232041, -0.0920931, 0.0132551, -0.0228642, 0.0909638, 0.231739, -2.31696, 3.55066, 3.82794)

[node name="Ivy_002_7" parent="." instance=ExtResource("14_hdems")]
transform = Transform3D(-0.0722054, 0.155777, -0.181714, -0.232041, -0.0920931, 0.0132551, -0.0586789, 0.172488, 0.171186, -3.062, 2.67717, 3.16762)

[node name="Moss" parent="." instance=ExtResource("15_qwetb")]
transform = Transform3D(0.1, 0, 0, 0, 0.1, 0, 0, 0, 0.1, -0.292785, 2.22284, 1.62769)

[node name="Moss2" parent="." instance=ExtResource("15_qwetb")]
transform = Transform3D(0.169752, 0, 0, 0, 0.149805, 0, 0, 0, 0.1, -0.200978, 2.15006, 1.59028)

[node name="Moss3" parent="." instance=ExtResource("15_qwetb")]
transform = Transform3D(0.0955076, 0, -0.0826708, 0, 0.149805, 0, 0.140335, 0, 0.0562632, 0.350201, 1.99036, 1.70332)

[node name="Moss8" parent="." instance=ExtResource("15_qwetb")]
transform = Transform3D(-0.0204001, 0.000159111, 0.114372, 0.000505333, 0.310851, 1.42264e-05, -0.125968, 0.00122125, -0.0185222, 0.364852, 1.80514, 1.91602)

[node name="Moss4" parent="." instance=ExtResource("15_qwetb")]
transform = Transform3D(0.223821, 0, -0.00474983, 0, 0.710683, 0, 0.00821497, 0, 0.129412, 0.438954, 2.34913, 1.99644)

[node name="Moss5" parent="." instance=ExtResource("15_qwetb")]
transform = Transform3D(-0.196268, 0, -0.0623865, 0, 0.710683, 0, 0.107899, 0, -0.113481, 0.714704, 2.55823, 2.57564)

[node name="Moss6" parent="." instance=ExtResource("15_qwetb")]
transform = Transform3D(-0.290513, 0, -0.0688659, 0, 0.391117, 0, 0.159711, 0, -0.125267, 0.943493, 2.00599, 3.26821)

[node name="Moss7" parent="." instance=ExtResource("15_qwetb")]
transform = Transform3D(0.407571, 0, -0.0404434, 0, 0.576489, 0, -0.0699749, 0, -0.235564, 1.20776, 1.62587, 3.03526)

[node name="Moss9" parent="." instance=ExtResource("15_qwetb")]
transform = Transform3D(-0.286621, -0.0301531, -0.171835, -0.052235, 0.571153, 0.0118775, -0.293481, -0.0722082, 0.165704, -1.07142, 2.0829, 1.49077)

[node name="Moss10" parent="." instance=ExtResource("15_qwetb")]
transform = Transform3D(0.324597, 0.0398879, 0.14716, -0.052235, 0.571153, 0.0118775, 0.250837, 0.0673215, -0.18796, -1.14347, 1.65187, 1.53296)

[node name="Moss11" parent="." instance=ExtResource("15_qwetb")]
transform = Transform3D(-0.25794, -0.115163, 0.180613, 0.0724878, -0.563756, -0.0272068, -0.314998, -0.0354303, -0.154158, -1.051, 1.3599, 1.64156)
